x1 = [10; 2];
x2 = [2; -5];
x3 = [-5; 5];

